1.0 20 14 12 1
-748. -100. -60.0 -45.0 -30.0 -23.0 -15.0  -8.0   0.0   8.0  16.0  30.0  45.0  60.0  75.0  90.0 115.0 140.0 165.0 747.0
-747. -200. -160. -120. -80.0 -40.0   0.0  30.0  50.0  70.0  90.0 120.0 160.0 748.0
-149.  -1.0   1.0   4.0   7.0  14.0  22.0  30.0  36.0  42.0  52.0 798.0
0.15 0.15 0.16 0.17 0.17 0.17 0.17 0.17 0.17 0.18 0.18 0.17 0.17 0.17 0.17 0.17 0.17 0.17 0.16 0.16
0.15 0.15 0.16 0.17 0.17 0.17 0.17 0.17 0.17 0.18 0.18 0.17 0.17 0.17 0.17 0.17 0.17 0.17 0.16 0.16
0.15 0.15 0.16 0.17 0.17 0.17 0.17 0.17 0.17 0.18 0.18 0.17 0.17 0.17 0.17 0.17 0.17 0.17 0.16 0.16
0.15 0.15 0.16 0.17 0.17 0.17 0.17 0.17 0.17 0.18 0.18 0.17 0.17 0.17 0.17 0.17 0.17 0.17 0.16 0.16
0.15 0.15 0.16 0.17 0.17 0.17 0.17 0.17 0.17 0.18 0.18 0.17 0.17 0.17 0.17 0.17 0.17 0.17 0.16 0.16
0.15 0.15 0.16 0.17 0.17 0.17 0.17 0.17 0.17 0.18 0.18 0.17 0.17 0.17 0.17 0.17 0.17 0.17 0.15 0.15
0.15 0.15 0.16 0.17 0.17 0.17 0.17 0.17 0.17 0.18 0.18 0.17 0.17 0.17 0.17 0.17 0.16 0.15 0.15 0.15
0.15 0.15 0.16 0.17 0.17 0.17 0.17 0.17 0.17 0.18 0.18 0.17 0.17 0.17 0.17 0.17 0.16 0.15 0.15 0.15
0.15 0.15 0.16 0.17 0.17 0.17 0.17 0.17 0.17 0.18 0.18 0.17 0.17 0.17 0.17 0.17 0.16 0.15 0.15 0.15
0.15 0.15 0.16 0.17 0.17 0.17 0.17 0.17 0.17 0.18 0.18 0.17 0.17 0.17 0.17 0.17 0.16 0.15 0.15 0.15
0.15 0.15 0.16 0.17 0.17 0.17 0.17 0.17 0.17 0.18 0.18 0.17 0.17 0.17 0.17 0.17 0.16 0.15 0.15 0.15
0.15 0.15 0.17 0.17 0.17 0.17 0.17 0.17 0.17 0.18 0.18 0.17 0.17 0.17 0.17 0.17 0.16 0.15 0.15 0.15
0.15 0.15 0.17 0.17 0.17 0.17 0.17 0.17 0.17 0.18 0.18 0.17 0.17 0.17 0.17 0.17 0.16 0.15 0.15 0.15
0.15 0.15 0.17 0.17 0.17 0.17 0.17 0.17 0.17 0.18 0.18 0.17 0.17 0.17 0.17 0.17 0.16 0.15 0.15 0.15
2.00 2.29 2.35 3.55 3.70 3.77 3.85 3.85 3.85 3.87 3.87 3.75 3.62 3.62 3.62 3.62 3.62 3.62 3.62 2.90
2.00 1.98 1.99 3.38 3.49 3.78 3.86 4.18 3.92 3.99 3.99 4.01 3.47 3.47 3.77 3.75 3.75 3.75 3.51 2.90
2.00 1.98 1.99 3.38 3.49 3.80 3.88 4.03 4.03 4.05 4.30 3.93 3.47 3.47 4.11 4.94 3.40 3.40 3.51 2.90
2.00 1.98 1.99 3.38 3.42 3.85 3.93 3.83 3.83 3.92 4.03 3.33 3.62 3.75 3.91 5.07 3.40 3.40 3.51 2.90
2.00 1.98 1.99 3.40 3.64 3.76 3.84 4.21 3.97 3.76 3.76 3.33 3.38 3.43 3.58 3.49 3.49 3.65 2.93 2.90
2.00 1.98 1.99 3.37 3.68 3.82 3.97 4.21 4.04 3.91 3.80 3.48 3.46 3.58 3.33 3.05 2.87 2.93 2.22 2.00
2.00 2.11 1.96 3.16 3.39 4.48 5.26 5.56 4.22 4.25 4.81 3.59 3.68 3.99 3.05 2.77 2.40 2.20 1.09 2.00
2.00 2.11 1.60 3.50 3.64 5.10 4.60 5.58 4.17 4.54 4.60 3.71 3.60 3.56 3.02 2.79 2.41 2.18 2.21 2.00
2.00 2.07 1.22 1.11 1.91 3.22 5.44 4.36 4.08 4.21 3.93 3.72 3.52 3.61 3.02 2.72 2.34 2.15 2.17 2.00
2.00 2.11 1.49 1.66 2.80 4.00 4.16 4.39 4.07 3.93 4.08 3.69 3.39 3.23 3.09 2.81 2.38 2.15 2.17 2.00
2.00 2.11 1.98 3.54 6.78 6.20 5.53 5.01 3.83 3.78 3.69 3.84 3.53 3.21 3.07 2.74 2.32 2.15 2.17 2.00
2.00 2.35 2.64 3.02 3.63 3.77 4.07 4.08 4.08 3.69 3.73 3.65 3.42 3.39 2.89 2.52 2.32 2.17 2.14 2.00
2.00 2.35 3.39 3.23 3.97 4.18 3.72 3.85 4.55 3.88 4.92 3.64 3.39 3.39 2.89 2.52 2.51 2.17 2.14 2.00
2.00 2.29 3.30 3.55 3.70 3.77 3.85 3.85 3.85 3.87 3.87 3.75 3.62 3.62 3.12 2.75 2.38 2.19 2.19 2.00
3.00 3.29 3.35 4.60 4.90 5.04 5.20 5.20 5.20 5.31 5.40 5.40 5.40 5.40 5.40 5.40 5.40 5.40 5.40 3.70
3.00 2.98 2.99 4.43 4.69 4.95 6.28 5.53 5.27 5.43 5.60 5.83 5.25 5.25 5.55 5.46 5.53 5.53 5.29 3.70
3.00 2.98 2.99 4.43 4.95 5.07 5.23 5.77 5.38 5.49 6.03 5.42 5.25 5.25 5.98 5.98 5.18 5.18 6.94 3.70
3.00 2.98 2.99 4.53 4.87 5.52 5.28 5.18 5.70 6.07 5.56 4.98 6.25 5.53 6.55 5.84 5.18 5.18 5.29 3.70
3.00 2.98 2.99 4.19 5.03 5.03 5.19 6.33 5.40 5.46 5.29 5.13 5.37 5.03 5.36 5.27 5.27 5.43 5.43 3.70
3.00 2.58 2.67 4.03 4.91 4.99 5.40 6.23 5.33 5.34 5.21 5.00 5.33 5.36 5.36 4.63 3.57 3.77 3.78 3.70
3.00 2.67 2.56 3.44 4.32 4.47 5.83 5.90 5.84 5.49 5.93 5.09 5.31 5.79 4.44 4.00 3.74 3.27 3.24 3.00
3.00 2.64 2.53 2.67 3.86 5.62 4.54 5.69 4.66 5.11 6.09 5.37 5.33 5.27 4.49 4.05 3.65 3.27 3.29 3.00
3.00 2.56 2.05 1.75 4.13 4.76 5.12 4.86 5.47 5.24 4.94 4.85 5.01 5.42 4.66 4.13 3.50 3.23 3.25 3.00
3.00 3.11 2.25 2.22 2.75 5.35 4.96 5.71 5.59 4.89 5.22 4.68 4.85 4.57 4.71 4.14 3.46 3.18 3.22 3.00
3.00 3.11 2.65 4.59 5.36 5.68 5.29 6.43 4.71 5.54 4.96 5.54 5.34 4.70 4.71 4.11 3.48 3.21 3.23 3.00
3.00 3.35 3.24 3.97 5.54 6.01 5.99 5.74 4.97 5.35 4.87 5.74 5.07 5.09 4.53 3.89 3.48 3.22 3.19 3.00
3.00 4.30 4.45 4.14 6.29 6.87 5.95 5.20 5.99 5.13 5.50 5.19 4.98 5.19 4.53 3.89 3.77 3.19 3.22 3.00
3.00 3.29 4.20 4.60 4.90 5.04 5.20 5.20 5.20 5.34 5.47 5.45 5.43 5.43 4.76 4.12 3.54 3.27 3.27 3.00
4.30 4.30 4.35 5.53 5.62 5.66 5.71 5.71 5.71 5.72 5.72 5.65 5.57 5.57 5.57 5.57 5.57 5.57 5.50 5.50
4.30 3.97 3.99 5.47 5.41 6.02 6.08 6.30 5.78 5.84 5.83 5.85 5.42 5.42 5.84 5.64 5.70 5.70 5.24 5.50
4.30 3.97 3.99 5.64 5.62 5.94 5.83 6.21 6.58 6.33 6.36 5.61 5.42 5.71 5.60 5.51 5.28 5.28 5.87 5.50
4.30 3.97 3.99 5.72 5.44 6.11 5.93 5.69 6.13 6.16 5.88 5.23 6.29 6.04 5.88 5.29 5.28 5.28 5.39 5.50
4.30 3.97 3.99 5.07 5.64 5.59 5.72 6.52 6.15 6.39 5.76 5.15 5.23 5.29 5.46 5.37 5.37 5.62 5.53 5.50
4.30 3.53 3.69 5.06 5.53 5.67 5.69 6.37 6.10 5.62 5.37 5.52 5.56 5.55 5.46 5.37 5.30 5.51 5.21 5.43
4.30 3.66 3.88 4.90 5.27 6.26 5.29 5.18 5.89 5.60 5.75 5.02 5.23 5.68 5.15 5.06 5.74 5.21 5.01 5.50
4.30 3.77 3.93 4.74 6.48 6.07 6.18 6.01 5.55 6.32 5.80 5.58 5.43 5.27 5.24 5.13 5.80 5.06 5.33 5.50
4.30 3.82 4.10 4.74 5.63 6.27 5.90 5.76 5.86 5.99 5.40 5.62 5.54 5.71 5.39 5.23 5.33 5.26 5.32 5.50
4.30 4.32 3.88 5.44 5.67 5.98 5.90 6.42 5.82 5.49 6.08 5.21 5.44 4.99 5.50 5.43 5.25 5.29 5.31 5.50
4.30 4.34 3.74 5.01 5.41 5.75 5.89 6.21 6.07 6.41 5.69 5.86 5.48 4.97 5.43 5.48 5.43 5.31 5.27 5.50
4.30 4.35 4.09 4.90 5.27 6.17 6.74 5.93 6.13 5.27 5.38 5.63 5.25 5.32 5.27 5.27 5.49 5.22 5.18 5.50
4.30 5.45 6.27 4.69 5.91 5.76 6.04 5.90 5.76 5.46 4.90 5.16 4.62 5.12 5.27 5.27 6.04 5.19 5.06 5.50
4.30 4.30 5.30 5.53 5.62 5.66 5.71 5.71 5.71 5.72 5.72 5.65 5.57 5.57 5.50 5.50 5.43 5.32 5.32 5.50
6.10 6.02 6.05 6.09 6.06 6.05 6.03 6.03 6.03 6.03 6.03 6.05 6.07 6.07 6.10 6.10 6.10 6.10 6.10 6.10
6.10 5.64 5.96 5.81 6.33 6.32 6.37 6.12 6.38 6.32 6.15 6.04 6.19 6.26 6.11 6.46 6.13 6.13 5.69 6.10
6.10 5.64 5.96 6.49 6.75 6.50 6.07 6.22 6.54 6.56 6.18 5.42 5.62 6.05 6.20 6.42 6.07 6.07 6.11 6.10
6.10 5.64 5.96 6.46 6.28 6.79 6.10 5.82 6.03 5.95 6.02 6.21 6.41 6.42 6.26 5.96 6.11 6.07 5.98 6.10
6.10 5.64 6.18 6.07 6.49 5.74 6.21 5.94 6.50 6.47 5.78 5.69 5.89 5.93 6.49 6.21 6.52 6.02 6.15 6.10
6.10 5.40 6.12 6.19 5.90 5.76 5.97 6.57 6.50 5.21 5.19 6.42 6.17 5.93 6.13 6.21 6.33 6.12 5.67 6.10
6.10 5.44 5.77 6.01 6.10 6.16 6.57 5.97 5.41 5.81 6.36 6.10 5.95 5.66 5.97 5.62 6.19 6.20 5.46 6.10
6.10 5.32 5.87 6.52 5.87 6.50 6.04 6.13 5.98 5.99 5.85 5.96 5.89 5.61 5.95 5.60 6.18 5.77 5.76 6.10
6.10 4.98 5.66 6.63 5.64 5.77 6.33 6.12 6.09 6.00 6.18 6.01 5.95 6.35 6.02 5.51 5.33 5.88 6.20 6.10
6.10 5.99 6.47 6.06 6.36 6.64 6.29 6.39 5.97 5.89 6.16 6.00 6.01 5.80 5.96 5.81 5.72 6.09 6.14 6.10
6.10 5.99 5.52 5.09 5.62 5.75 5.85 6.41 6.17 6.26 5.82 5.82 6.03 5.91 6.05 6.02 5.80 5.84 6.04 6.10
6.10 6.28 5.23 5.23 5.53 5.50 6.49 6.25 6.00 6.07 6.09 5.61 6.03 6.07 6.16 6.16 6.09 5.86 6.08 6.10
6.10 7.24 6.44 6.41 4.85 6.54 5.55 5.00 5.84 5.44 5.56 5.60 5.67 5.95 6.15 6.26 6.49 6.81 6.41 6.10
6.10 6.02 6.05 6.09 6.06 6.05 6.03 6.03 6.03 6.03 6.03 6.05 6.07 6.07 6.10 6.10 6.10 6.10 6.10 6.10
6.20 6.10 6.10 6.10 6.10 6.10 6.10 6.10 6.10 6.11 6.12 6.15 6.27 6.27 6.27 6.27 6.30 6.30 6.30 6.30
6.20 5.91 6.01 6.06 6.45 6.62 6.63 6.25 6.26 6.32 6.58 6.32 6.37 6.47 6.58 6.40 6.24 6.24 6.01 6.30
6.20 5.91 6.01 6.53 6.52 6.49 5.82 6.12 6.14 6.21 6.35 6.04 6.43 6.37 6.04 6.32 6.26 6.48 6.45 6.30
6.20 5.91 6.01 6.15 5.86 6.25 6.39 6.15 5.99 5.97 5.97 6.18 6.58 6.29 6.62 6.33 6.56 6.26 6.05 6.30
6.20 5.91 6.74 6.29 6.35 6.36 6.17 5.71 6.15 6.37 6.34 6.35 6.64 6.21 6.64 6.37 6.91 6.10 6.35 6.30
6.20 6.00 6.81 6.62 6.42 6.69 6.48 6.14 5.89 5.50 5.62 5.40 5.77 5.92 6.20 6.38 6.64 6.31 6.25 6.30
6.20 6.04 6.07 6.49 6.47 5.86 5.78 6.03 6.21 5.89 6.54 6.51 6.58 6.11 5.90 6.39 6.91 6.46 6.50 6.20
6.20 6.14 6.64 7.17 6.00 6.00 5.81 5.71 6.79 6.16 6.64 6.60 5.93 6.19 6.13 6.29 6.66 6.35 6.56 6.20
6.20 6.01 7.20 6.98 6.78 6.35 6.28 6.14 6.29 6.29 6.46 5.80 6.35 6.09 6.08 5.87 6.05 6.67 6.21 6.20
6.20 5.97 6.66 7.09 6.54 6.46 6.14 6.22 6.67 6.18 5.85 5.93 6.27 6.14 6.18 6.30 6.14 6.54 6.21 6.20
6.20 5.97 5.95 6.09 5.97 5.92 5.47 6.61 6.24 6.12 5.99 5.73 6.34 6.13 5.88 6.25 5.95 6.13 6.09 6.20
6.20 6.28 6.00 6.24 6.20 5.62 5.71 6.32 5.86 6.11 6.12 5.85 6.47 6.05 6.23 6.23 6.54 6.17 5.90 6.20
6.20 6.73 6.01 6.01 6.36 6.38 6.39 6.16 5.92 5.75 6.01 6.34 5.67 6.05 6.22 5.86 6.96 6.38 5.96 6.20
6.20 6.10 6.10 6.10 6.10 6.10 6.10 6.10 6.10 6.11 6.12 6.15 6.17 6.17 6.17 6.17 6.20 6.20 6.20 6.20
6.70 6.51 6.50 6.50 6.50 6.50 6.50 6.50 6.50 6.50 6.50 6.50 6.50 6.50 6.60 6.60 6.71 6.71 6.71 6.71
6.70 6.60 6.55 6.61 6.65 6.59 6.82 7.09 7.10 7.05 6.80 6.68 6.51 6.37 6.49 6.08 6.63 6.63 6.01 6.71
6.70 6.60 6.55 6.61 6.35 6.19 6.09 6.17 6.38 6.66 6.84 5.86 6.05 5.86 6.23 6.51 6.63 6.71 6.72 6.71
6.70 6.41 6.31 6.21 6.43 6.31 6.26 6.12 5.65 6.02 6.58 6.03 5.91 6.02 7.08 6.32 6.81 6.86 6.59 6.71
6.70 6.41 6.31 6.05 6.91 6.68 6.51 6.42 6.87 6.83 6.81 6.22 6.16 6.58 6.44 6.29 6.72 6.59 6.68 6.71
6.70 6.29 6.31 6.27 6.29 6.35 6.35 5.97 6.02 6.04 6.18 6.02 6.24 6.31 6.16 6.49 6.59 6.60 6.60 6.71
6.70 6.43 6.69 6.36 6.34 6.44 6.57 6.36 6.51 6.15 5.99 5.85 6.17 6.44 6.25 6.21 6.70 7.11 7.08 6.82
6.70 6.75 7.16 6.63 6.67 7.42 7.32 6.51 6.03 5.64 6.46 6.35 6.62 6.48 6.11 6.27 6.74 6.80 7.10 6.82
6.70 7.12 7.37 7.05 7.04 6.69 6.36 6.05 5.79 6.07 6.11 6.38 6.63 6.42 6.40 6.57 6.81 7.32 6.92 6.82
6.70 6.38 6.31 6.90 6.90 5.92 5.70 6.21 6.24 6.26 6.17 6.46 6.30 6.66 6.45 6.54 6.57 7.20 6.92 6.82
6.70 6.38 6.23 6.54 6.38 6.06 5.56 6.11 6.51 6.28 6.33 6.17 6.58 6.56 6.67 6.69 6.57 6.91 6.92 6.82
6.70 6.31 6.30 6.51 6.09 6.11 6.15 5.98 5.68 6.04 6.19 6.39 7.44 6.66 6.66 6.77 6.75 6.96 6.92 6.82
6.70 5.96 6.21 6.79 5.69 6.92 7.16 7.54 6.93 5.07 6.46 5.69 7.26 5.96 6.70 7.73 7.03 6.87 6.92 6.82
6.70 6.41 6.44 6.50 6.50 6.64 6.80 6.80 6.80 6.80 6.80 6.80 6.80 6.80 6.80 6.80 6.80 6.82 6.82 6.82
7.57 7.57 7.34 7.00 7.00 7.00 7.00 7.00 7.00 7.00 7.00 7.00 7.00 7.40 7.40 7.40 7.40 7.40 7.40 7.60
7.57 7.63 7.43 7.00 7.05 7.06 7.22 7.52 7.58 7.47 6.84 7.00 7.10 7.49 7.42 7.25 7.27 7.71 7.17 7.60
7.57 7.63 7.43 7.00 7.12 7.02 6.99 6.99 6.86 6.91 6.98 6.55 6.49 6.62 7.05 7.06 7.19 7.38 7.17 7.60
7.57 7.63 7.43 7.00 6.53 6.39 6.32 6.32 6.03 6.19 6.29 6.43 6.34 6.68 7.11 6.85 7.20 7.88 7.17 7.60
7.57 7.63 7.43 7.00 7.28 6.91 6.32 6.32 6.32 6.32 6.31 6.74 6.62 6.75 6.93 7.24 7.10 7.17 7.17 7.60
7.57 7.38 7.43 7.00 6.53 6.39 6.32 6.36 6.36 6.33 6.30 6.83 6.78 6.95 7.08 7.32 6.95 7.54 7.54 7.75
7.57 7.57 7.80 7.10 6.77 6.39 6.32 6.36 6.38 6.73 6.40 6.46 6.66 6.71 6.99 7.45 8.08 8.04 8.20 7.90
7.57 7.69 7.81 7.03 7.34 6.84 6.46 6.63 6.35 6.56 7.13 6.94 7.05 6.69 6.99 7.68 8.58 8.65 8.43 7.90
7.57 8.18 8.15 7.96 7.25 6.49 5.99 6.10 6.32 6.56 6.76 6.43 7.06 7.19 7.40 7.80 8.44 8.23 7.93 7.90
7.57 7.63 7.62 7.79 6.64 6.27 6.34 6.04 6.18 6.51 6.46 6.34 7.34 7.41 7.63 7.40 8.04 8.49 7.93 7.90
7.57 7.60 7.50 7.78 6.75 6.68 6.36 6.27 6.27 6.74 6.71 6.82 7.22 7.12 7.35 7.12 8.13 8.28 7.93 7.90
7.57 7.57 7.46 8.20 7.40 7.35 7.46 6.91 6.87 6.58 6.58 7.07 7.40 7.31 7.50 7.06 7.99 8.47 7.93 7.90
7.57 7.21 6.76 7.90 6.65 6.48 6.61 7.37 7.09 7.08 6.32 6.87 7.02 8.45 7.51 7.44 7.95 8.02 7.93 7.90
7.57 7.57 7.57 7.57 7.50 7.50 7.50 7.50 7.50 7.50 7.50 7.50 7.50 7.50 7.50 7.52 7.85 7.90 7.90 7.90
8.10 8.10 8.01 7.87 7.48 7.48 7.48 7.48 7.48 7.48 7.48 7.48 7.48 7.48 7.80 7.78 7.80 7.80 7.80 7.80
8.10 8.13 8.18 7.84 7.52 7.68 7.57 7.59 7.61 7.50 7.62 7.23 7.14 7.14 7.74 7.63 7.57 7.63 7.57 7.80
8.10 8.13 8.18 7.84 7.52 7.58 7.45 7.49 7.54 7.18 6.93 7.10 6.97 7.20 7.07 7.27 7.27 7.48 7.57 7.80
8.10 8.13 8.18 8.18 7.91 7.33 7.12 7.13 7.13 6.84 6.40 6.41 7.02 7.21 7.49 7.44 7.47 7.53 7.57 7.80
8.10 8.13 8.18 7.83 7.90 8.32 7.12 7.13 7.13 6.84 6.71 7.29 7.34 7.57 7.52 8.08 7.53 7.57 7.57 7.80
8.10 8.13 8.18 7.43 7.53 7.06 7.12 7.13 7.13 6.93 6.52 7.24 7.35 7.13 7.42 7.43 7.31 7.94 7.94 7.90
8.10 7.94 7.97 7.63 7.37 7.33 7.12 7.13 7.13 7.36 7.22 7.36 7.20 7.37 7.32 7.23 8.05 8.04 8.04 8.00
8.10 7.48 7.91 8.30 7.44 7.31 7.39 7.19 6.82 6.75 6.77 8.15 7.14 7.08 7.50 8.02 8.24 8.04 8.04 8.00
8.10 7.90 8.19 8.33 7.72 7.32 6.83 6.92 6.71 6.75 6.99 6.82 7.15 7.48 7.40 7.84 8.10 8.04 8.04 8.00
8.10 7.98 8.60 8.70 7.84 7.36 6.89 6.86 7.00 6.76 6.40 6.68 7.52 7.79 8.23 7.83 8.05 8.04 8.04 8.00
8.10 7.98 7.85 8.03 7.97 7.80 7.66 7.02 6.93 6.63 6.96 7.20 7.28 7.22 7.49 7.83 8.05 8.04 8.04 8.00
8.10 7.98 7.64 7.95 7.30 7.20 6.99 6.99 6.99 7.27 7.27 7.27 7.54 7.52 7.55 7.83 8.05 8.04 8.04 8.00
8.10 7.65 7.75 6.03 6.36 7.30 7.19 7.19 7.19 7.31 7.99 7.47 7.28 7.62 7.55 7.83 8.05 8.04 8.04 8.00
8.10 8.10 8.10 8.10 7.70 7.61 7.50 7.50 7.50 7.50 7.50 7.50 7.50 7.50 7.50 7.78 8.00 8.00 8.00 8.00
8.25 8.25 8.25 8.25 8.10 8.10 8.10 8.10 8.10 8.10 8.10 8.10 8.10 8.10 8.25 8.25 8.25 8.25 8.25 8.25
8.25 8.18 8.20 8.27 8.20 8.20 7.99 8.10 7.96 7.91 7.84 7.66 7.71 7.71 8.08 8.01 8.29 7.92 8.10 8.25
8.25 8.18 8.20 8.27 8.34 8.19 7.85 8.04 8.13 8.13 6.69 7.35 7.17 7.28 7.49 7.44 8.05 8.10 8.10 8.25
8.25 8.18 8.14 8.12 8.35 7.99 7.94 7.29 7.11 7.32 7.51 7.26 7.38 7.09 7.82 7.69 7.70 8.10 8.10 8.25
8.25 8.18 8.14 8.12 8.00 8.01 8.01 8.07 8.07 7.49 7.43 8.00 7.95 8.63 8.20 8.18 8.10 8.10 8.10 8.25
8.25 8.18 8.14 7.86 7.60 7.75 8.04 7.77 7.57 7.90 7.39 8.35 8.23 8.49 8.64 8.69 8.10 8.10 8.10 8.25
8.25 7.94 8.07 8.38 7.70 7.70 8.70 7.79 7.82 8.45 8.70 8.09 8.70 8.69 7.58 7.42 8.25 8.25 8.25 8.25
8.25 8.03 8.16 7.81 7.78 7.77 7.60 7.84 7.99 8.21 8.70 8.70 8.17 8.45 8.39 8.09 8.25 8.25 8.25 8.25
8.25 8.16 8.68 8.70 8.70 8.12 7.55 7.77 7.38 7.30 8.28 7.47 7.99 8.60 8.39 8.25 8.25 8.25 8.25 8.25
8.25 8.18 8.70 8.70 8.70 7.91 7.43 7.47 7.86 7.96 8.04 7.83 8.30 8.50 8.39 8.25 8.25 8.25 8.25 8.25
8.25 8.18 8.11 8.16 8.02 8.02 7.88 7.59 7.75 8.01 7.52 7.48 8.01 8.70 8.39 8.25 8.25 8.25 8.25 8.25
8.25 8.18 8.11 8.50 8.66 7.94 7.85 7.94 7.94 8.14 7.95 8.07 8.17 8.70 8.31 8.10 8.25 8.25 8.25 8.25
8.25 7.94 8.58 7.53 8.03 7.39 7.54 7.94 7.94 7.64 8.08 8.30 8.50 8.17 8.24 8.10 8.25 8.25 8.25 8.25
8.25 8.25 8.25 8.25 8.25 8.25 8.25 8.25 8.25 8.17 8.10 8.10 8.10 8.10 8.10 8.10 8.25 8.25 8.25 8.25
8.30 8.30 8.30 8.30 8.30 8.30 8.30 8.30 8.30 8.30 8.30 8.30 8.30 8.30 8.30 8.30 8.30 8.30 8.30 8.30
8.30 8.23 8.25 8.32 8.40 8.19 7.75 8.70 8.24 8.02 7.96 8.19 8.70 8.70 8.38 7.78 7.64 8.15 8.15 8.30
8.30 8.23 8.25 8.32 8.70 8.53 7.24 8.30 8.43 8.64 7.89 8.17 8.22 8.18 7.93 7.69 7.83 8.15 8.15 8.30
8.30 8.23 8.25 8.32 8.33 8.24 8.38 8.22 7.92 8.44 8.36 8.46 8.17 8.33 8.14 8.08 8.15 8.15 8.15 8.30
8.30 8.23 8.25 8.32 8.30 8.31 8.31 8.70 8.70 7.86 8.57 8.70 8.50 8.46 8.14 8.08 8.15 8.15 8.15 8.30
8.30 8.23 8.25 8.69 8.30 8.70 8.70 8.70 8.70 8.65 8.32 8.70 8.70 8.56 8.57 8.22 8.05 8.15 8.15 8.30
8.30 8.23 8.31 8.32 8.30 8.70 8.70 8.37 7.62 8.69 8.70 8.70 8.46 8.70 8.01 8.30 8.30 8.30 8.30 8.30
8.30 8.23 8.16 8.21 8.24 8.31 7.97 8.40 8.28 8.70 8.70 8.70 8.26 8.70 8.44 8.30 8.30 8.30 8.30 8.30
8.30 8.23 8.70 8.70 8.70 8.70 8.68 8.59 8.37 8.59 8.49 8.51 8.70 8.70 8.44 8.30 8.30 8.30 8.30 8.30
8.30 8.23 8.16 8.21 8.70 8.70 8.49 8.33 8.41 8.68 8.62 8.63 8.70 8.43 8.44 8.30 8.30 8.30 8.30 8.30
8.30 8.23 8.16 8.21 8.22 8.27 8.27 8.27 8.27 8.38 8.43 8.41 8.37 8.37 8.44 8.30 8.30 8.30 8.30 8.30
8.30 8.23 8.27 8.21 8.70 8.30 7.90 8.30 8.30 8.30 8.30 8.30 8.37 8.37 8.44 8.30 8.30 8.30 8.30 8.30
8.30 8.52 8.02 7.93 8.37 7.39 7.90 8.30 8.41 7.90 8.30 8.30 8.37 8.37 8.44 8.30 8.30 8.30 8.30 8.30
8.30 8.30 8.30 8.30 8.30 8.30 8.30 8.30 8.30 8.30 8.30 8.30 8.30 8.30 8.30 8.30 8.30 8.30 8.30 8.30
9.80 9.80 9.80 9.80 9.80 9.80 9.80 9.80 9.80 9.80 9.80 9.80 9.80 9.80 9.80 9.80 9.80 9.80 9.80 9.80
9.80 9.80 9.80 9.80 9.80 9.80 9.80 9.80 9.80 9.80 9.80 9.80 9.80 9.80 9.80 9.80 9.80 9.80 9.80 9.80
9.80 9.80 9.80 9.80 9.80 9.80 9.80 9.80 9.80 9.80 9.80 9.80 9.80 9.80 9.80 9.80 9.80 9.80 9.80 9.80
9.80 9.80 9.80 9.80 9.80 9.80 9.80 9.80 9.80 9.80 9.80 9.80 9.80 9.80 9.80 9.80 9.80 9.80 9.80 9.80
9.80 9.80 9.80 9.80 9.80 9.80 9.80 9.80 9.80 9.80 9.80 9.80 9.80 9.80 9.80 9.80 9.80 9.80 9.80 9.80
9.80 9.80 9.80 9.80 9.80 9.80 9.80 9.80 9.80 9.80 9.80 9.80 9.80 9.80 9.80 9.80 9.80 9.80 9.80 9.80
9.80 9.80 9.80 9.80 9.80 9.80 9.80 9.80 9.80 9.80 9.80 9.80 9.80 9.80 9.80 9.80 9.80 9.80 9.80 9.80
9.80 9.80 9.80 9.80 9.80 9.80 9.80 9.80 9.80 9.80 9.80 9.80 9.80 9.80 9.80 9.80 9.80 9.80 9.80 9.80
9.80 9.80 9.80 9.80 9.80 9.80 9.80 9.80 9.80 9.80 9.80 9.80 9.80 9.80 9.80 9.80 9.80 9.80 9.80 9.80
9.80 9.80 9.80 9.80 9.80 9.80 9.80 9.80 9.80 9.80 9.80 9.80 9.80 9.80 9.80 9.80 9.80 9.80 9.80 9.80
9.80 9.80 9.80 9.80 9.80 9.80 9.80 9.80 9.80 9.80 9.80 9.80 9.80 9.80 9.80 9.80 9.80 9.80 9.80 9.80
9.80 9.80 9.80 9.80 9.80 9.80 9.80 9.80 9.80 9.80 9.80 9.80 9.80 9.80 9.80 9.80 9.80 9.80 9.80 9.80
9.80 9.80 9.80 9.80 9.80 9.80 9.80 9.80 9.80 9.80 9.80 9.80 9.80 9.80 9.80 9.80 9.80 9.80 9.80 9.80
9.80 9.80 9.80 9.80 9.80 9.80 9.80 9.80 9.80 9.80 9.80 9.80 9.80 9.80 9.80 9.80 9.80 9.80 9.80 9.80
1.75 1.75 1.75 1.75 1.75 1.75 1.75 1.75 1.75 1.75 1.75 1.75 1.75 1.75 1.75 1.75 1.75 1.75 1.75 1.75
1.75 1.75 1.75 1.75 1.75 1.75 1.75 1.75 1.75 1.75 1.75 1.75 1.75 1.75 1.75 1.75 1.75 1.75 1.75 1.75
1.75 1.75 1.75 1.75 1.75 1.75 1.75 1.75 1.75 1.75 1.75 1.75 1.75 1.75 1.75 1.75 1.75 1.75 1.75 1.75
1.75 1.75 1.75 1.75 1.75 1.75 1.75 1.75 1.75 1.75 1.75 1.75 1.75 1.75 1.75 1.75 1.75 1.75 1.75 1.75
1.75 1.75 1.75 1.75 1.75 1.75 1.75 1.75 1.75 1.75 1.75 1.75 1.75 1.75 1.75 1.75 1.75 1.75 1.75 1.75
1.75 1.75 1.75 1.75 1.75 1.75 1.75 1.75 1.75 1.75 1.75 1.75 1.75 1.75 1.75 1.75 1.75 1.75 1.75 1.75
1.75 1.75 1.75 1.75 1.75 1.75 1.75 1.75 1.75 1.75 1.75 1.75 1.75 1.75 1.75 1.75 1.75 1.75 1.75 1.75
1.75 1.75 1.75 1.75 1.75 1.75 1.75 1.75 1.75 1.75 1.75 1.75 1.75 1.75 1.75 1.75 1.75 1.75 1.75 1.75
1.75 1.75 1.75 1.75 1.75 1.75 1.75 1.75 1.75 1.75 1.75 1.75 1.75 1.75 1.75 1.75 1.75 1.75 1.75 1.75
1.75 1.75 1.75 1.75 1.75 1.75 1.75 1.75 1.75 1.75 1.75 1.75 1.75 1.75 1.75 1.75 1.75 1.75 1.75 1.75
1.75 1.75 1.75 1.75 1.75 1.75 1.75 1.75 1.75 1.75 1.75 1.75 1.75 1.75 1.75 1.75 1.75 1.75 1.75 1.75
1.75 1.75 1.75 1.75 1.75 1.75 1.75 1.75 1.75 1.75 1.75 1.75 1.75 1.75 1.75 1.75 1.75 1.75 1.75 1.75
1.75 1.75 1.75 1.75 1.75 1.75 1.75 1.75 1.75 1.75 1.75 1.75 1.75 1.75 1.75 1.75 1.75 1.75 1.75 1.75
1.75 1.75 1.75 1.75 1.75 1.75 1.75 1.75 1.75 1.75 1.75 1.75 1.75 1.75 1.75 1.75 1.75 1.75 1.75 1.75
1.75 1.75 1.75 1.75 1.75 1.75 1.75 1.75 1.75 1.75 1.75 1.75 1.75 1.75 1.75 1.75 1.75 1.75 1.75 1.75
1.75 1.75 1.75 1.75 1.75 1.75 1.75 1.75 1.75 1.75 1.75 1.75 1.75 1.75 1.75 1.75 1.75 1.75 1.75 1.75
1.75 1.75 1.75 1.75 1.75 1.75 1.75 1.75 1.75 1.75 1.75 1.75 1.75 1.75 1.75 1.75 1.75 1.75 1.75 1.75
1.75 1.75 1.75 1.75 1.75 1.75 1.75 1.75 1.75 1.75 1.75 1.75 1.75 1.75 1.75 1.75 1.75 1.75 1.75 1.75
1.75 1.75 1.75 1.75 1.75 1.75 1.75 1.75 1.75 1.75 1.75 1.75 1.75 1.75 1.75 1.75 1.75 1.75 1.75 1.75
1.75 1.75 1.75 1.75 1.75 1.75 1.75 1.75 1.75 1.75 1.75 1.75 1.75 1.75 1.75 1.75 1.75 1.75 1.75 1.75
1.75 1.75 1.75 1.75 1.75 1.75 1.75 1.75 1.75 1.75 1.75 1.75 1.75 1.75 1.75 1.75 1.75 1.75 1.75 1.75
1.75 1.75 1.75 1.75 1.75 1.75 1.75 1.75 1.75 1.75 1.75 1.75 1.75 1.75 1.75 1.75 1.75 1.75 1.75 1.75
1.75 1.75 1.75 1.75 1.75 1.75 1.75 1.75 1.75 1.75 1.75 1.75 1.75 1.75 1.75 1.75 1.75 1.75 1.75 1.75
1.75 1.75 1.75 1.75 1.75 1.75 1.75 1.75 1.75 1.75 1.75 1.75 1.75 1.75 1.75 1.75 1.75 1.75 1.75 1.75
1.75 1.75 1.75 1.75 1.75 1.75 1.75 1.75 1.75 1.75 1.75 1.75 1.75 1.75 1.75 1.75 1.75 1.75 1.75 1.75
1.75 1.75 1.75 1.75 1.75 1.75 1.75 1.75 1.75 1.75 1.75 1.75 1.75 1.75 1.75 1.75 1.75 1.75 1.75 1.75
1.75 1.75 1.75 1.75 1.75 1.75 1.75 1.75 1.75 1.75 1.75 1.75 1.75 1.75 1.75 1.75 1.75 1.75 1.75 1.75
1.75 1.75 1.75 1.75 1.75 1.75 1.75 1.75 1.75 1.75 1.75 1.75 1.75 1.75 1.75 1.75 1.75 1.75 1.75 1.75
1.75 1.75 1.75 1.75 1.75 1.75 1.75 1.75 1.75 1.75 1.75 1.75 1.75 1.75 1.75 1.75 1.75 1.75 1.75 1.75
1.75 1.75 1.75 1.75 1.75 1.75 1.75 1.75 1.75 1.75 1.75 1.75 1.75 1.75 1.75 1.75 1.75 1.75 1.75 1.75
1.75 1.75 1.75 1.75 1.75 1.75 1.75 1.75 1.75 1.75 1.75 1.75 1.75 1.75 1.75 1.75 1.75 1.75 1.75 1.75
1.75 1.75 1.75 1.75 1.75 1.75 1.75 1.75 1.75 1.75 1.75 1.75 1.75 1.75 1.75 1.75 1.75 1.75 1.75 1.75
1.75 1.75 1.75 1.75 1.75 1.75 1.75 1.75 1.75 1.75 1.75 1.75 1.75 1.75 1.75 1.75 1.75 1.75 1.75 1.75
1.75 1.75 1.75 1.75 1.75 1.75 1.75 1.75 1.75 1.75 1.75 1.75 1.75 1.75 1.75 1.75 1.75 1.75 1.75 1.75
1.75 1.75 1.75 1.75 1.75 1.75 1.75 1.75 1.75 1.75 1.75 1.75 1.75 1.75 1.75 1.75 1.75 1.75 1.75 1.75
1.75 1.75 1.75 1.75 1.75 1.75 1.75 1.75 1.75 1.75 1.75 1.75 1.75 1.75 1.75 1.75 1.75 1.75 1.75 1.75
1.75 1.75 1.75 1.75 1.75 1.75 1.75 1.75 1.75 1.75 1.75 1.75 1.75 1.75 1.75 1.75 1.75 1.75 1.75 1.75
1.75 1.75 1.75 1.75 1.75 1.75 1.75 1.75 1.75 1.75 1.75 1.75 1.75 1.75 1.75 1.75 1.75 1.75 1.75 1.75
1.75 1.75 1.75 1.75 1.75 1.75 1.75 1.75 1.75 1.75 1.75 1.75 1.75 1.75 1.75 1.75 1.75 1.75 1.75 1.75
1.75 1.75 1.75 1.75 1.75 1.75 1.75 1.75 1.75 1.75 1.75 1.75 1.75 1.75 1.75 1.75 1.75 1.75 1.75 1.75
1.75 1.75 1.75 1.75 1.75 1.75 1.75 1.75 1.75 1.75 1.75 1.75 1.75 1.75 1.75 1.75 1.75 1.75 1.75 1.75
1.75 1.75 1.75 1.75 1.75 1.75 1.75 1.75 1.75 1.75 1.75 1.75 1.75 1.75 1.75 1.75 1.75 1.75 1.75 1.75
1.75 1.75 1.75 1.75 1.75 1.75 1.75 1.75 1.75 1.75 1.75 1.75 1.75 1.75 1.75 1.75 1.75 1.75 1.75 1.75
1.75 1.75 1.75 1.75 1.75 1.75 1.75 1.75 1.75 1.75 1.75 1.75 1.75 1.75 1.75 1.75 1.75 1.75 1.75 1.75
1.75 1.75 1.75 1.75 1.75 1.75 1.75 1.75 1.75 1.75 1.75 1.75 1.75 1.75 1.75 1.75 1.75 1.75 1.75 1.75
1.75 1.75 1.75 1.75 1.75 1.75 1.75 1.75 1.75 1.75 1.75 1.75 1.75 1.75 1.75 1.75 1.75 1.75 1.75 1.75
1.75 1.75 1.75 1.75 1.75 1.75 1.75 1.75 1.75 1.75 1.75 1.75 1.75 1.75 1.75 1.75 1.75 1.75 1.75 1.75
1.75 1.75 1.75 1.75 1.75 1.75 1.75 1.75 1.75 1.75 1.75 1.75 1.75 1.75 1.75 1.75 1.75 1.75 1.75 1.75
1.75 1.75 1.75 1.75 1.75 1.75 1.75 1.75 1.75 1.75 1.75 1.75 1.75 1.75 1.75 1.75 1.75 1.75 1.75 1.75
1.75 1.75 1.75 1.75 1.75 1.75 1.75 1.75 1.75 1.75 1.75 1.75 1.75 1.75 1.75 1.75 1.75 1.75 1.75 1.75
1.75 1.75 1.75 1.75 1.75 1.75 1.75 1.75 1.75 1.75 1.75 1.75 1.75 1.75 1.75 1.75 1.75 1.75 1.75 1.75
1.75 1.75 1.75 1.75 1.75 1.75 1.75 1.75 1.75 1.75 1.75 1.75 1.75 1.75 1.75 1.75 1.75 1.75 1.75 1.75
1.75 1.75 1.75 1.75 1.75 1.75 1.75 1.75 1.75 1.75 1.75 1.75 1.75 1.75 1.75 1.75 1.75 1.75 1.75 1.75
1.75 1.75 1.75 1.75 1.75 1.75 1.75 1.75 1.75 1.75 1.75 1.75 1.75 1.75 1.75 1.75 1.75 1.75 1.75 1.75
1.75 1.75 1.75 1.75 1.75 1.75 1.75 1.75 1.75 1.75 1.75 1.75 1.75 1.75 1.75 1.75 1.75 1.75 1.75 1.75
1.75 1.75 1.75 1.75 1.75 1.75 1.75 1.75 1.75 1.75 1.75 1.75 1.75 1.75 1.75 1.75 1.75 1.75 1.75 1.75
1.75 1.75 1.75 1.75 1.75 1.75 1.75 1.75 1.75 1.75 1.75 1.75 1.75 1.75 1.75 1.75 1.75 1.75 1.75 1.75
1.75 1.75 1.75 1.75 1.75 1.75 1.75 1.75 1.75 1.75 1.75 1.75 1.75 1.75 1.75 1.75 1.75 1.75 1.75 1.75
1.75 1.75 1.75 1.75 1.75 1.75 1.75 1.75 1.75 1.75 1.75 1.75 1.75 1.75 1.75 1.75 1.75 1.75 1.75 1.75
1.75 1.75 1.75 1.75 1.75 1.75 1.75 1.75 1.75 1.75 1.75 1.75 1.75 1.75 1.75 1.75 1.75 1.75 1.75 1.75
1.75 1.75 1.75 1.75 1.75 1.75 1.75 1.75 1.75 1.75 1.75 1.75 1.75 1.75 1.75 1.75 1.75 1.75 1.75 1.75
1.75 1.75 1.75 1.75 1.75 1.75 1.75 1.75 1.75 1.75 1.75 1.75 1.75 1.75 1.75 1.75 1.75 1.75 1.75 1.75
1.75 1.75 1.75 1.75 1.75 1.75 1.75 1.75 1.75 1.75 1.75 1.75 1.75 1.75 1.75 1.75 1.75 1.75 1.75 1.75
1.75 1.75 1.75 1.75 1.75 1.75 1.75 1.75 1.75 1.75 1.75 1.75 1.75 1.75 1.75 1.75 1.75 1.75 1.75 1.75
1.75 1.75 1.75 1.75 1.75 1.75 1.75 1.75 1.75 1.75 1.75 1.75 1.75 1.75 1.75 1.75 1.75 1.75 1.75 1.75
1.75 1.75 1.75 1.75 1.75 1.75 1.75 1.75 1.75 1.75 1.75 1.75 1.75 1.75 1.75 1.75 1.75 1.75 1.75 1.75
1.75 1.75 1.75 1.75 1.75 1.75 1.75 1.75 1.75 1.75 1.75 1.75 1.75 1.75 1.75 1.75 1.75 1.75 1.75 1.75
1.75 1.75 1.75 1.75 1.75 1.75 1.75 1.75 1.75 1.75 1.75 1.75 1.75 1.75 1.75 1.75 1.75 1.75 1.75 1.75
1.75 1.75 1.75 1.75 1.75 1.75 1.75 1.75 1.75 1.75 1.75 1.75 1.75 1.75 1.75 1.75 1.75 1.75 1.75 1.75
1.75 1.75 1.75 1.75 1.75 1.75 1.75 1.75 1.75 1.75 1.75 1.75 1.75 1.75 1.75 1.75 1.75 1.75 1.75 1.75
1.75 1.75 1.75 1.75 1.75 1.75 1.75 1.75 1.75 1.75 1.75 1.75 1.75 1.75 1.75 1.75 1.75 1.75 1.75 1.75
1.75 1.75 1.75 1.75 1.75 1.75 1.75 1.75 1.75 1.75 1.75 1.75 1.75 1.75 1.75 1.75 1.75 1.75 1.75 1.75
1.75 1.75 1.75 1.75 1.75 1.75 1.75 1.75 1.75 1.75 1.75 1.75 1.75 1.75 1.75 1.75 1.75 1.75 1.75 1.75
1.75 1.75 1.75 1.75 1.75 1.75 1.75 1.75 1.75 1.75 1.75 1.75 1.75 1.75 1.75 1.75 1.75 1.75 1.75 1.75
1.75 1.75 1.75 1.75 1.75 1.75 1.75 1.75 1.75 1.75 1.75 1.75 1.75 1.75 1.75 1.75 1.75 1.75 1.75 1.75
1.75 1.75 1.75 1.75 1.75 1.75 1.75 1.75 1.75 1.75 1.75 1.75 1.75 1.75 1.75 1.75 1.75 1.75 1.75 1.75
1.75 1.75 1.75 1.75 1.75 1.75 1.75 1.75 1.75 1.75 1.75 1.75 1.75 1.75 1.75 1.75 1.75 1.75 1.75 1.75
1.75 1.75 1.75 1.75 1.75 1.75 1.75 1.75 1.75 1.75 1.75 1.75 1.75 1.75 1.75 1.75 1.75 1.75 1.75 1.75
1.75 1.75 1.75 1.75 1.75 1.75 1.75 1.75 1.75 1.75 1.75 1.75 1.75 1.75 1.75 1.75 1.75 1.75 1.75 1.75
1.75 1.75 1.75 1.75 1.75 1.75 1.75 1.75 1.75 1.75 1.75 1.75 1.75 1.75 1.75 1.75 1.75 1.75 1.75 1.75
1.75 1.75 1.75 1.75 1.75 1.75 1.75 1.75 1.75 1.75 1.75 1.75 1.75 1.75 1.75 1.75 1.75 1.75 1.75 1.75
1.75 1.75 1.75 1.75 1.75 1.75 1.75 1.75 1.75 1.75 1.75 1.75 1.75 1.75 1.75 1.75 1.75 1.75 1.75 1.75
1.75 1.75 1.75 1.75 1.75 1.75 1.75 1.75 1.75 1.75 1.75 1.75 1.75 1.75 1.75 1.75 1.75 1.75 1.75 1.75
1.75 1.75 1.75 1.75 1.75 1.75 1.75 1.75 1.75 1.75 1.75 1.75 1.75 1.75 1.75 1.75 1.75 1.75 1.75 1.75
1.75 1.75 1.75 1.75 1.75 1.75 1.75 1.75 1.75 1.75 1.75 1.75 1.75 1.75 1.75 1.75 1.75 1.75 1.75 1.75
1.75 1.75 1.75 1.75 1.75 1.75 1.75 1.75 1.75 1.75 1.75 1.75 1.75 1.75 1.75 1.75 1.75 1.75 1.75 1.75
1.75 1.75 1.75 1.75 1.75 1.75 1.75 1.75 1.75 1.75 1.75 1.75 1.75 1.75 1.75 1.75 1.75 1.75 1.75 1.75
1.75 1.75 1.75 1.75 1.75 1.75 1.75 1.75 1.75 1.75 1.75 1.75 1.75 1.75 1.75 1.75 1.75 1.75 1.75 1.75
1.75 1.75 1.75 1.75 1.75 1.75 1.75 1.75 1.75 1.75 1.75 1.75 1.75 1.75 1.75 1.75 1.75 1.75 1.75 1.75
1.75 1.75 1.75 1.75 1.75 1.75 1.75 1.75 1.75 1.75 1.75 1.75 1.75 1.75 1.75 1.75 1.75 1.75 1.75 1.75
1.75 1.75 1.75 1.75 1.75 1.75 1.75 1.75 1.75 1.75 1.75 1.75 1.75 1.75 1.75 1.75 1.75 1.75 1.75 1.75
1.75 1.75 1.75 1.75 1.75 1.75 1.75 1.75 1.75 1.75 1.75 1.75 1.75 1.75 1.75 1.75 1.75 1.75 1.75 1.75
1.75 1.75 1.75 1.75 1.75 1.75 1.75 1.75 1.75 1.75 1.75 1.75 1.75 1.75 1.75 1.75 1.75 1.75 1.75 1.75
1.75 1.75 1.75 1.75 1.75 1.75 1.75 1.75 1.75 1.75 1.75 1.75 1.75 1.75 1.75 1.75 1.75 1.75 1.75 1.75
1.75 1.75 1.75 1.75 1.75 1.75 1.75 1.75 1.75 1.75 1.75 1.75 1.75 1.75 1.75 1.75 1.75 1.75 1.75 1.75
1.75 1.75 1.75 1.75 1.75 1.75 1.75 1.75 1.75 1.75 1.75 1.75 1.75 1.75 1.75 1.75 1.75 1.75 1.75 1.75
1.75 1.75 1.75 1.75 1.75 1.75 1.75 1.75 1.75 1.75 1.75 1.75 1.75 1.75 1.75 1.75 1.75 1.75 1.75 1.75
1.75 1.75 1.75 1.75 1.75 1.75 1.75 1.75 1.75 1.75 1.75 1.75 1.75 1.75 1.75 1.75 1.75 1.75 1.75 1.75
1.75 1.75 1.75 1.75 1.75 1.75 1.75 1.75 1.75 1.75 1.75 1.75 1.75 1.75 1.75 1.75 1.75 1.75 1.75 1.75
1.75 1.75 1.75 1.75 1.75 1.75 1.75 1.75 1.75 1.75 1.75 1.75 1.75 1.75 1.75 1.75 1.75 1.75 1.75 1.75
1.75 1.75 1.75 1.75 1.75 1.75 1.75 1.75 1.75 1.75 1.75 1.75 1.75 1.75 1.75 1.75 1.75 1.75 1.75 1.75
1.75 1.75 1.75 1.75 1.75 1.75 1.75 1.75 1.75 1.75 1.75 1.75 1.75 1.75 1.75 1.75 1.75 1.75 1.75 1.75
1.75 1.75 1.75 1.75 1.75 1.75 1.75 1.75 1.75 1.75 1.75 1.75 1.75 1.75 1.75 1.75 1.75 1.75 1.75 1.75
1.75 1.75 1.75 1.75 1.75 1.75 1.75 1.75 1.75 1.75 1.75 1.75 1.75 1.75 1.75 1.75 1.75 1.75 1.75 1.75
1.75 1.75 1.75 1.75 1.75 1.75 1.75 1.75 1.75 1.75 1.75 1.75 1.75 1.75 1.75 1.75 1.75 1.75 1.75 1.75
1.75 1.75 1.75 1.75 1.75 1.75 1.75 1.75 1.75 1.75 1.75 1.75 1.75 1.75 1.75 1.75 1.75 1.75 1.75 1.75
1.75 1.75 1.75 1.75 1.75 1.75 1.75 1.75 1.75 1.75 1.75 1.75 1.75 1.75 1.75 1.75 1.75 1.75 1.75 1.75
1.75 1.75 1.75 1.75 1.75 1.75 1.75 1.75 1.75 1.75 1.75 1.75 1.75 1.75 1.75 1.75 1.75 1.75 1.75 1.75
1.75 1.75 1.75 1.75 1.75 1.75 1.75 1.75 1.75 1.75 1.75 1.75 1.75 1.75 1.75 1.75 1.75 1.75 1.75 1.75
1.75 1.75 1.75 1.75 1.75 1.75 1.75 1.75 1.75 1.75 1.75 1.75 1.75 1.75 1.75 1.75 1.75 1.75 1.75 1.75
1.75 1.75 1.75 1.75 1.75 1.75 1.75 1.75 1.75 1.75 1.75 1.75 1.75 1.75 1.75 1.75 1.75 1.75 1.75 1.75
1.75 1.75 1.75 1.75 1.75 1.75 1.75 1.75 1.75 1.75 1.75 1.75 1.75 1.75 1.75 1.75 1.75 1.75 1.75 1.75
1.75 1.75 1.75 1.75 1.75 1.75 1.75 1.75 1.75 1.75 1.75 1.75 1.75 1.75 1.75 1.75 1.75 1.75 1.75 1.75
1.75 1.75 1.75 1.75 1.75 1.75 1.75 1.75 1.75 1.75 1.75 1.75 1.75 1.75 1.75 1.75 1.75 1.75 1.75 1.75
1.75 1.75 1.75 1.75 1.75 1.75 1.75 1.75 1.75 1.75 1.75 1.75 1.75 1.75 1.75 1.75 1.75 1.75 1.75 1.75
1.75 1.75 1.75 1.75 1.75 1.75 1.75 1.75 1.75 1.75 1.75 1.75 1.75 1.75 1.75 1.75 1.75 1.75 1.75 1.75
1.75 1.75 1.75 1.75 1.75 1.75 1.75 1.75 1.75 1.75 1.75 1.75 1.75 1.75 1.75 1.75 1.75 1.75 1.75 1.75
1.75 1.75 1.75 1.75 1.75 1.75 1.75 1.75 1.75 1.75 1.75 1.75 1.75 1.75 1.75 1.75 1.75 1.75 1.75 1.75
1.75 1.75 1.75 1.75 1.75 1.75 1.75 1.75 1.75 1.75 1.75 1.75 1.75 1.75 1.75 1.75 1.75 1.75 1.75 1.75
1.75 1.75 1.75 1.75 1.75 1.75 1.75 1.75 1.75 1.75 1.75 1.75 1.75 1.75 1.75 1.75 1.75 1.75 1.75 1.75
1.75 1.75 1.75 1.75 1.75 1.75 1.75 1.75 1.75 1.75 1.75 1.75 1.75 1.75 1.75 1.75 1.75 1.75 1.75 1.75
1.75 1.75 1.75 1.75 1.75 1.75 1.75 1.75 1.75 1.75 1.75 1.75 1.75 1.75 1.75 1.75 1.75 1.75 1.75 1.75
1.75 1.75 1.75 1.75 1.75 1.75 1.75 1.75 1.75 1.75 1.75 1.75 1.75 1.75 1.75 1.75 1.75 1.75 1.75 1.75
1.75 1.75 1.75 1.75 1.75 1.75 1.75 1.75 1.75 1.75 1.75 1.75 1.75 1.75 1.75 1.75 1.75 1.75 1.75 1.75
1.75 1.75 1.75 1.75 1.75 1.75 1.75 1.75 1.75 1.75 1.75 1.75 1.75 1.75 1.75 1.75 1.75 1.75 1.75 1.75
1.75 1.75 1.75 1.75 1.75 1.75 1.75 1.75 1.75 1.75 1.75 1.75 1.75 1.75 1.75 1.75 1.75 1.75 1.75 1.75
1.75 1.75 1.75 1.75 1.75 1.75 1.75 1.75 1.75 1.75 1.75 1.75 1.75 1.75 1.75 1.75 1.75 1.75 1.75 1.75
1.75 1.75 1.75 1.75 1.75 1.75 1.75 1.75 1.75 1.75 1.75 1.75 1.75 1.75 1.75 1.75 1.75 1.75 1.75 1.75
1.75 1.75 1.75 1.75 1.75 1.75 1.75 1.75 1.75 1.75 1.75 1.75 1.75 1.75 1.75 1.75 1.75 1.75 1.75 1.75
1.75 1.75 1.75 1.75 1.75 1.75 1.75 1.75 1.75 1.75 1.75 1.75 1.75 1.75 1.75 1.75 1.75 1.75 1.75 1.75
1.75 1.75 1.75 1.75 1.75 1.75 1.75 1.75 1.75 1.75 1.75 1.75 1.75 1.75 1.75 1.75 1.75 1.75 1.75 1.75
1.75 1.75 1.75 1.75 1.75 1.75 1.75 1.75 1.75 1.75 1.75 1.75 1.75 1.75 1.75 1.75 1.75 1.75 1.75 1.75
1.75 1.75 1.75 1.75 1.75 1.75 1.75 1.75 1.75 1.75 1.75 1.75 1.75 1.75 1.75 1.75 1.75 1.75 1.75 1.75
1.75 1.75 1.75 1.75 1.75 1.75 1.75 1.75 1.75 1.75 1.75 1.75 1.75 1.75 1.75 1.75 1.75 1.75 1.75 1.75
1.75 1.75 1.75 1.75 1.75 1.75 1.75 1.75 1.75 1.75 1.75 1.75 1.75 1.75 1.75 1.75 1.75 1.75 1.75 1.75
1.75 1.75 1.75 1.75 1.75 1.75 1.75 1.75 1.75 1.75 1.75 1.75 1.75 1.75 1.75 1.75 1.75 1.75 1.75 1.75
1.75 1.75 1.75 1.75 1.75 1.75 1.75 1.75 1.75 1.75 1.75 1.75 1.75 1.75 1.75 1.75 1.75 1.75 1.75 1.75
1.75 1.75 1.75 1.75 1.75 1.75 1.75 1.75 1.75 1.75 1.75 1.75 1.75 1.75 1.75 1.75 1.75 1.75 1.75 1.75
1.75 1.75 1.75 1.75 1.75 1.75 1.75 1.75 1.75 1.75 1.75 1.75 1.75 1.75 1.75 1.75 1.75 1.75 1.75 1.75
1.75 1.75 1.75 1.75 1.75 1.75 1.75 1.75 1.75 1.75 1.75 1.75 1.75 1.75 1.75 1.75 1.75 1.75 1.75 1.75
1.75 1.75 1.75 1.75 1.75 1.75 1.75 1.75 1.75 1.75 1.75 1.75 1.75 1.75 1.75 1.75 1.75 1.75 1.75 1.75
1.75 1.75 1.75 1.75 1.75 1.75 1.75 1.75 1.75 1.75 1.75 1.75 1.75 1.75 1.75 1.75 1.75 1.75 1.75 1.75
1.75 1.75 1.75 1.75 1.75 1.75 1.75 1.75 1.75 1.75 1.75 1.75 1.75 1.75 1.75 1.75 1.75 1.75 1.75 1.75
1.75 1.75 1.75 1.75 1.75 1.75 1.75 1.75 1.75 1.75 1.75 1.75 1.75 1.75 1.75 1.75 1.75 1.75 1.75 1.75
1.75 1.75 1.75 1.75 1.75 1.75 1.75 1.75 1.75 1.75 1.75 1.75 1.75 1.75 1.75 1.75 1.75 1.75 1.75 1.75
1.75 1.75 1.75 1.75 1.75 1.75 1.75 1.75 1.75 1.75 1.75 1.75 1.75 1.75 1.75 1.75 1.75 1.75 1.75 1.75
1.75 1.75 1.75 1.75 1.75 1.75 1.75 1.75 1.75 1.75 1.75 1.75 1.75 1.75 1.75 1.75 1.75 1.75 1.75 1.75
1.75 1.75 1.75 1.75 1.75 1.75 1.75 1.75 1.75 1.75 1.75 1.75 1.75 1.75 1.75 1.75 1.75 1.75 1.75 1.75
1.75 1.75 1.75 1.75 1.75 1.75 1.75 1.75 1.75 1.75 1.75 1.75 1.75 1.75 1.75 1.75 1.75 1.75 1.75 1.75
1.75 1.75 1.75 1.75 1.75 1.75 1.75 1.75 1.75 1.75 1.75 1.75 1.75 1.75 1.75 1.75 1.75 1.75 1.75 1.75
1.75 1.75 1.75 1.75 1.75 1.75 1.75 1.75 1.75 1.75 1.75 1.75 1.75 1.75 1.75 1.75 1.75 1.75 1.75 1.75
1.75 1.75 1.75 1.75 1.75 1.75 1.75 1.75 1.75 1.75 1.75 1.75 1.75 1.75 1.75 1.75 1.75 1.75 1.75 1.75
1.75 1.75 1.75 1.75 1.75 1.75 1.75 1.75 1.75 1.75 1.75 1.75 1.75 1.75 1.75 1.75 1.75 1.75 1.75 1.75
1.75 1.75 1.75 1.75 1.75 1.75 1.75 1.75 1.75 1.75 1.75 1.75 1.75 1.75 1.75 1.75 1.75 1.75 1.75 1.75
1.75 1.75 1.75 1.75 1.75 1.75 1.75 1.75 1.75 1.75 1.75 1.75 1.75 1.75 1.75 1.75 1.75 1.75 1.75 1.75
1.75 1.75 1.75 1.75 1.75 1.75 1.75 1.75 1.75 1.75 1.75 1.75 1.75 1.75 1.75 1.75 1.75 1.75 1.75 1.75
1.75 1.75 1.75 1.75 1.75 1.75 1.75 1.75 1.75 1.75 1.75 1.75 1.75 1.75 1.75 1.75 1.75 1.75 1.75 1.75
1.75 1.75 1.75 1.75 1.75 1.75 1.75 1.75 1.75 1.75 1.75 1.75 1.75 1.75 1.75 1.75 1.75 1.75 1.75 1.75
1.75 1.75 1.75 1.75 1.75 1.75 1.75 1.75 1.75 1.75 1.75 1.75 1.75 1.75 1.75 1.75 1.75 1.75 1.75 1.75
1.75 1.75 1.75 1.75 1.75 1.75 1.75 1.75 1.75 1.75 1.75 1.75 1.75 1.75 1.75 1.75 1.75 1.75 1.75 1.75
1.75 1.75 1.75 1.75 1.75 1.75 1.75 1.75 1.75 1.75 1.75 1.75 1.75 1.75 1.75 1.75 1.75 1.75 1.75 1.75
1.75 1.75 1.75 1.75 1.75 1.75 1.75 1.75 1.75 1.75 1.75 1.75 1.75 1.75 1.75 1.75 1.75 1.75 1.75 1.75
1.75 1.75 1.75 1.75 1.75 1.75 1.75 1.75 1.75 1.75 1.75 1.75 1.75 1.75 1.75 1.75 1.75 1.75 1.75 1.75
1.75 1.75 1.75 1.75 1.75 1.75 1.75 1.75 1.75 1.75 1.75 1.75 1.75 1.75 1.75 1.75 1.75 1.75 1.75 1.75
1.75 1.75 1.75 1.75 1.75 1.75 1.75 1.75 1.75 1.75 1.75 1.75 1.75 1.75 1.75 1.75 1.75 1.75 1.75 1.75
1.75 1.75 1.75 1.75 1.75 1.75 1.75 1.75 1.75 1.75 1.75 1.75 1.75 1.75 1.75 1.75 1.75 1.75 1.75 1.75
1.75 1.75 1.75 1.75 1.75 1.75 1.75 1.75 1.75 1.75 1.75 1.75 1.75 1.75 1.75 1.75 1.75 1.75 1.75 1.75
1.75 1.75 1.75 1.75 1.75 1.75 1.75 1.75 1.75 1.75 1.75 1.75 1.75 1.75 1.75 1.75 1.75 1.75 1.75 1.75
